UNKNOWN
version=1
nRows=50
nColumns=3
inDegrees=no
endheader
time	time	calcn_r_Y
      0.00000000	      0.00000000	   -111.64703585
      1.00000000	      0.02246493	    101.23263978
      2.00000000	      0.04492986	    357.25006087
      3.00000000	      0.06739479	    623.55846532
      4.00000000	      0.08985972	    837.12207932
      5.00000000	      0.11232464	   1002.01812808
      6.00000000	      0.13478957	   1104.54528879
      7.00000000	      0.15725450	   1158.00973071
      8.00000000	      0.17971943	   1178.45417928
      9.00000000	      0.20218436	   1175.17340022
     10.00000000	      0.22464929	   1132.10749023
     11.00000000	      0.24711422	   1055.92677035
     12.00000000	      0.26957915	    956.57048469
     13.00000000	      0.29204408	    844.61684812
     14.00000000	      0.31450901	    734.12554327
     15.00000000	      0.33697393	    635.49281571
     16.00000000	      0.35943886	    564.53997072
     17.00000000	      0.38190379	    515.85131669
     18.00000000	      0.40436872	    500.27199766
     19.00000000	      0.42683365	    533.33783408
     20.00000000	      0.44929858	    625.38735235
     21.00000000	      0.47176351	    773.77041194
     22.00000000	      0.49422844	    990.58743172
     23.00000000	      0.51669337	   1302.27065403
     24.00000000	      0.53915829	   1714.50330642
     25.00000000	      0.56162322	   2206.43716019
     26.00000000	      0.58408815	   2736.17815907
     27.00000000	      0.60655308	   3207.85366832
     28.00000000	      0.62901801	   3554.22374064
     29.00000000	      0.65148294	   3707.42317171
     30.00000000	      0.67394787	   3697.14927829
     31.00000000	      0.69641280	   3620.30164244
     32.00000000	      0.71887773	   3529.00043292
     33.00000000	      0.74134266	   3449.15789712
     34.00000000	      0.76380758	   3384.92628099
     35.00000000	      0.78627251	   3317.41500981
     36.00000000	      0.80873744	   3253.72951946
     37.00000000	      0.83120237	   3186.48429141
     38.00000000	      0.85366730	   3100.04271464
     39.00000000	      0.87613223	   2962.52468902
     40.00000000	      0.89859716	   2760.18692783
     41.00000000	      0.92106209	   2470.09240046
     42.00000000	      0.94352702	   2080.86483154
     43.00000000	      0.96599194	   1605.55677430
     44.00000000	      0.98845687	   1093.02724352
     45.00000000	      1.01092180	    610.38804682
     46.00000000	      1.03338673	    180.29795193
     47.00000000	      1.05585166	   -143.92017368
     48.00000000	      1.07831659	   -317.51494414
     49.00000000	      1.10078152	   -318.12120986
